cam0:
  T_cam_imu:
  - [-0.015268728741028637, 0.9998750353244088, -0.0040962980415108485, 0.008338802915703205]
  - [0.4710108493814921, 0.010806272963170105, 0.8820612247625279, -0.21768694372087263]
  - [0.8819952639824991, 0.011538552754026765, -0.4711169877140754, -0.3376797081941227]
  - [0.0, 0.0, 0.0, 1.0]
  cam_overlaps: []
  camera_model: pinhole
  distortion_coeffs: [0.4431184118668466, 1.228503777075885, -10.007688137460061,
    19.32555855139353]
  distortion_model: equidistant
  intrinsics: [695.8014423211335, 703.2550985209633, 405.71108272944616, 248.97501513134145]
  resolution: [752, 480]
  rostopic: /uvc_camera/cam_0/image_raw
  timeshift_cam_imu: -0.006196814682874327
