cam0:
  T_cam_imu:
  - [-0.9999210586835096, 0.007377558217251565, 0.010170940762814615, 0.045960070272444226]
  - [-0.012439358647029003, -0.6953809084192101, -0.718533683665926, -0.03925585787533718]
  - [0.0017716539448224128, -0.7186034816509208, 0.695417786227441, -0.04599319176608972]
  - [0.0, 0.0, 0.0, 1.0]
  cam_overlaps: []
  camera_model: pinhole
  distortion_coeffs: [0.4431184118668466, 1.228503777075885, -10.007688137460061,
    19.32555855139353]
  distortion_model: equidistant
  intrinsics: [695.8014423211335, 703.2550985209633, 405.71108272944616, 248.97501513134145]
  resolution: [752, 480]
  rostopic: /uvc_camera/cam_0/image_raw
  timeshift_cam_imu: 0.004059749164403969
