cam0:
  cam_overlaps: [1]
  camera_model: pinhole
  distortion_coeffs: [0.4726514841456922, 0.8573393061895452, -8.237604276974512,
    16.63956230674711]
  distortion_model: equidistant
  intrinsics: [721.0405329193533, 720.6170620756853, 404.90015543745665, 233.19545086620522]
  resolution: [752, 480]
  rostopic: /uvc_camera/cam_0/image_raw
cam1:
  T_cn_cnm1:
  - [0.9999831898446477, 0.0045397277318130315, 0.003607062550534826, -0.0998178169495057]
  - [-0.004571943872082317, 0.9999492816541135, 0.00897393161620328, 0.002594966831977705]
  - [-0.0035661404000672833, -0.008990272050542831, 0.9999532277317291, -0.000945087482329453]
  - [0.0, 0.0, 0.0, 1.0]
  cam_overlaps: [0]
  camera_model: pinhole
  distortion_coeffs: [0.5022943352977471, 0.21893625541648923, -3.947993878773349,
    7.780131745858017]
  distortion_model: equidistant
  intrinsics: [721.7213110710205, 721.712137412427, 393.34328078249564, 231.7205610618853]
  resolution: [752, 480]
  rostopic: /uvc_camera/cam_1/image_raw
