cam0:
  T_cam_imu:
  - [0.0020161230540641506, 0.9999338783703323, 0.011321401640240925, -0.001958981078586922]
  - [0.009766351561378284, -0.011340573651280716, 0.9998879986110658, -0.022524048461843086]
  - [0.9999502755762477, -0.0019053284568956719, -0.009788569786281731, -0.3342539555823239]
  - [0.0, 0.0, 0.0, 1.0]
  cam_overlaps: [1]
  camera_model: pinhole
  distortion_coeffs: [0.4726514841456922, 0.8573393061895452, -8.237604276974512,
    16.63956230674711]
  distortion_model: equidistant
  intrinsics: [721.0405329193533, 720.6170620756853, 404.90015543745665, 233.19545086620522]
  resolution: [752, 480]
  rostopic: /uvc_camera/cam_0/image_raw
  timeshift_cam_imu: -0.01062254579001837
cam1:
  T_cam_imu:
  - [0.0056673089311722324, 0.9998587135708712, 0.015825122618222887, -0.10308469307030042]
  - [0.01873012401936419, -0.015928738331125097, 0.9996976831769684, -0.02291855503568819]
  - [0.9998085136983474, -0.005369189099080074, -0.018817750788030635, -0.3349739259240535]
  - [0.0, 0.0, 0.0, 1.0]
  T_cn_cnm1:
  - [0.9999831898446482, 0.004539727731813031, 0.0036070625505348263, -0.0998178169495057]
  - [-0.004571943872082316, 0.9999492816541139, 0.008973931616203279, 0.002594966831977705]
  - [-0.0035661404000672837, -0.00899027205054283, 0.9999532277317296, -0.000945087482329453]
  - [0.0, 0.0, 0.0, 1.0]
  cam_overlaps: [0]
  camera_model: pinhole
  distortion_coeffs: [0.5022943352977471, 0.21893625541648923, -3.947993878773349,
    7.780131745858017]
  distortion_model: equidistant
  intrinsics: [721.7213110710205, 721.712137412427, 393.34328078249564, 231.7205610618853]
  resolution: [752, 480]
  rostopic: /uvc_camera/cam_1/image_raw
  timeshift_cam_imu: -0.01061651632879094
