cam0:
  cam_overlaps: [1]
  camera_model: pinhole
  distortion_coeffs: [0.4863986376674382, 0.7263502210992614, -8.502681596144672,
    18.171932445049887]
  distortion_model: equidistant
  intrinsics: [732.6558671401285, 731.3486539186363, 383.56180553623875, 232.50668978770483]
  resolution: [752, 480]
  rostopic: /uvc_camera/cam_2/image_raw
cam1:
  T_cn_cnm1:
  - [-0.9999120419020235, -0.011783312709433504, -0.0060878568411406086, -0.0988416080801256]
  - [0.011830706147630493, -0.9998995261765136, -0.007808453370081365, 0.0010532201706652416]
  - [-0.00599523572305024, -0.007879790198731168, 0.9999509818261342, -0.0010831751001777559]
  - [0.0, 0.0, 0.0, 1.0]
  cam_overlaps: [0]
  camera_model: pinhole
  distortion_coeffs: [0.4673740378707039, 0.9938165827631185, -10.020568157306748,
    20.816457463603417]
  distortion_model: equidistant
  intrinsics: [734.8707834274071, 733.6929050489886, 391.91203563197877, 254.8839923328381]
  resolution: [752, 480]
  rostopic: /uvc_camera/cam_3/image_raw
