cam0:
  T_cam_imu:
  - [-0.004493015480509732, -0.9999786590774105, 0.004742805249706827, 0.0681997686814302]
  - [-0.012332029569987302, -0.00468708452148292, -0.9999129723557816, 0.016601934033076037]
  - [0.9999138632195163, -0.0045511128785411525, -0.012310707249785335, -0.008302138982007422]
  - [0.0, 0.0, 0.0, 1.0]
  cam_overlaps: [1]
  camera_model: pinhole
  distortion_coeffs: [0.4726514841456922, 0.8573393061895452, -8.237604276974512,
    16.63956230674711]
  distortion_model: equidistant
  intrinsics: [721.0405329193533, 720.6170620756853, 404.90015543745665, 233.19545086620522]
  resolution: [752, 480]
  rostopic: /uvc_camera/cam_0/image_raw
  timeshift_cam_imu: 0.00385280646849212
cam1:
  T_cam_imu:
  - [-0.0009421721590704146, -0.9999995435172138, 0.0001589873813193643, -0.03157377279106165]
  - [-0.003337703664627212, -0.0001558418734764755, -0.9999944177081981, 0.018809750500427828]
  - [0.9999939860048511, -0.0009426975523556536, -0.0033375553111485157, -0.009639304008357802]
  - [0.0, 0.0, 0.0, 1.0]
  T_cn_cnm1:
  - [0.9999831898446482, 0.004539727731813031, 0.0036070625505348263, -0.0998178169495057]
  - [-0.004571943872082316, 0.9999492816541139, 0.008973931616203279, 0.002594966831977705]
  - [-0.0035661404000672837, -0.00899027205054283, 0.9999532277317296, -0.000945087482329453]
  - [0.0, 0.0, 0.0, 1.0]
  cam_overlaps: [0]
  camera_model: pinhole
  distortion_coeffs: [0.5022943352977471, 0.21893625541648923, -3.947993878773349,
    7.780131745858017]
  distortion_model: equidistant
  intrinsics: [721.7213110710205, 721.712137412427, 393.34328078249564, 231.7205610618853]
  resolution: [752, 480]
  rostopic: /uvc_camera/cam_1/image_raw
  timeshift_cam_imu: 0.003841980402091793
