cam0:
  T_cam_imu:
  - [-0.005785979951322684, 0.9999059350484275, -0.0124355736069095, -0.06662152829860868]
  - [0.7087648958760931, 0.012873259969001571, 0.7053273010110424, 0.016425428232837554]
  - [0.7054210408045354, -0.004732888409890279, -0.7087727103645751, 0.01913623796410022]
  - [0.0, 0.0, 0.0, 1.0]
  cam_overlaps: [1]
  camera_model: pinhole
  distortion_coeffs: [0.4863986376674382, 0.7263502210992614, -8.502681596144672,
    18.171932445049887]
  distortion_model: equidistant
  intrinsics: [732.6558671401285, 731.3486539186363, 383.56180553623875, 232.50668978770483]
  resolution: [752, 480]
  rostopic: /uvc_camera/cam_2/image_raw
  timeshift_cam_imu: 0.0037404120471019645
cam1:
  T_cam_imu:
  - [-0.006860629687192185, -0.9999408617249452, 0.008438294440800798, -0.032535984318887684]
  - [-0.714270383089028, -0.0010054167120678165, -0.6998691370385528, -0.0163081618828237]
  - [0.6998362319872762, -0.01082876678156508, -0.7142212445789065, 0.01832210767846374]
  - [0.0, 0.0, 0.0, 1.0]
  T_cn_cnm1:
  - [-0.9999120419020235, -0.011783312709433504, -0.0060878568411406086, -0.0988416080801256]
  - [0.011830706147630493, -0.9998995261765136, -0.007808453370081365, 0.0010532201706652416]
  - [-0.00599523572305024, -0.007879790198731168, 0.9999509818261342, -0.0010831751001777559]
  - [0.0, 0.0, 0.0, 1.0]
  cam_overlaps: [0]
  camera_model: pinhole
  distortion_coeffs: [0.4673740378707039, 0.9938165827631185, -10.020568157306748,
    20.816457463603417]
  distortion_model: equidistant
  intrinsics: [734.8707834274071, 733.6929050489886, 391.91203563197877, 254.8839923328381]
  resolution: [752, 480]
  rostopic: /uvc_camera/cam_3/image_raw
  timeshift_cam_imu: 0.00378834590589845
